Flutter Derivatives Results
===========================
Frequency       : 3.2
Reduced Velocity: 0.8538251366120219
H1          : -0.06185506302095213
H4          : 1.516509205647036
A1          : 0.14591545031605213
A4          : 0.0016658365206547532


