Flutter Derivatives Results
===========================
Frequency       : 0.8
Reduced Velocity: 3.4153005464480874
H1          : -1.1087733251937206
H4          : 0.15651784966643364
A1          : 0.4211349129743852
A4          : -0.07208155976154912


