Flutter Derivatives Results
===========================
Frequency       : 0.15
Reduced Velocity: 18.214936247723134
H1          : -11.926555784289604
H4          : -3.763380701316613
A1          : 2.5724108144396842
A4          : 0.3956819910408257


