Flutter Derivatives Results
===========================
Frequency       : 0.25
Reduced Velocity: 10.92896174863388
H1          : -6.07496014382125
H4          : -1.696396900961929
A1          : 1.4521606619629006
A4          : 0.09541009306070711


