Flutter Derivatives Results
===========================
Frequency       : 0.15
Reduced Velocity: 18.214936247723134
H1          : -11.898705385601575
H4          : -3.7151429671714196
A1          : 2.5740520600749877
A4          : 0.4023707050071833


