Flutter Derivatives Results
===========================
Frequency       : 1.6
Reduced Velocity: 1.7076502732240437
H1          : -0.040680674746362576
H4          : 1.141758735441994
A1          : 0.28033936855449093
A4          : -0.05522523287383545


