Flutter Derivatives Results
===========================
Frequency       : 0.8
Reduced Velocity: 3.4153005464480874
H1          : -1.0734527009849326
H4          : 0.1612163957260587
A1          : 0.42390864407922235
A4          : -0.0752116471320413


