Flutter Derivatives Results
===========================
Frequency       : 0.125
Reduced Velocity: 21.85792349726776
H2          : 16.02857312158591
H3          : -53.637259027894785
A2          : -2.0060694999334783
A3          : 10.398116797169722


