Flutter Derivatives Results
===========================
Frequency       : 1.6
Reduced Velocity: 1.7076502732240437
H1          : -0.026859037451617326
H4          : 0.17325171664351097
A1          : 0.043180752525818315
A4          : -0.010717079760398773


