Flutter Derivatives Results
===========================
Frequency       : 1.6
Reduced Velocity: 1.7076502732240437
H2          : -0.36469991165058235
H3          : -0.15847409141596086
A2          : -0.01895886969851225
A3          : 0.09383697424743578


