Flutter Derivatives Results
===========================
Frequency       : 3.2
Reduced Velocity: 0.8538251366120219
H1          : -0.2101718211840549
H4          : 1.3337472565071078
A1          : 0.140710285630368
A4          : -0.033644764434484456


