Flutter Derivatives Results
===========================
Frequency       : 0.15
Reduced Velocity: 18.214936247723134
H2          : 14.185681778669549
H3          : -37.09677888950332
A2          : -0.37335000581252087
A3          : 6.381514537415293


