Flutter Derivatives Results
===========================
Frequency       : 0.15
Reduced Velocity: 18.214936247723134
H1          : -11.882670197118944
H4          : -3.7658285920715078
A1          : 2.57286991130324
A4          : 0.3957054533894822


