Flutter Derivatives Results
===========================
Frequency       : 3.2
Reduced Velocity: 0.8538251366120219
H2          : -0.03587455078667735
H3          : -0.007741284862190948
A2          : -0.0014765529876860058
A3          : 0.010458195835971544


