Flutter Derivatives Results
===========================
Frequency       : 0.25
Reduced Velocity: 10.92896174863388
H1          : -5.989948372891018
H4          : -1.5993810374077333
A1          : 1.4533608474269304
A4          : 0.1179089730281993


