Flutter Derivatives Results
===========================
Frequency       : 3.2
Reduced Velocity: 0.8538251366120219
H2          : -0.1993014921782912
H3          : -0.05259335665555215
A2          : -0.011949417197608806
A3          : 0.053536138638864354


