Flutter Derivatives Results
===========================
Frequency       : 0.4
Reduced Velocity: 6.830601092896175
H1          : -3.2819471799823923
H4          : -0.5248097941769608
A1          : 0.9038091005722981
A4          : 0.023540380960222342


