Flutter Derivatives Results
===========================
Frequency       : 1.6
Reduced Velocity: 1.7076502732240437
H2          : -0.27459888053093695
H3          : -0.1434149381058771
A2          : -0.003568450516116948
A3          : 0.09102519669519603


Flutter Derivatives Results
===========================
Frequency       : 3.2
Reduced Velocity: 0.8538251366120219
H2          : -0.1978805406760158
H3          : -0.06091596961461004
A2          : -0.01118622630543353
A3          : 0.050629543166556976


