Flutter Derivatives Results
===========================
Frequency   : 0.25
H1          : -6.325019720459866
H4          : -0.7041556460394577
A1          : -0.22305711604609776
A4          : -0.04675808886010723
H2          : 0.5987746394665828
H3          : -11.274225947739726
A2          : -0.048645823816953176
A3          : -0.8059851081765058
