Flutter Derivatives Results
===========================
Frequency       : 0.125
Reduced Velocity: 21.85792349726776
H1          : -15.259641675151684
H4          : -4.7882488677606565
A1          : 3.1879619454432
A4          : 0.5388736607622006


