Flutter Derivatives Results
===========================
Frequency       : 0.15
Reduced Velocity: 18.214936247723134
H2          : -3.086980854054649
H3          : -41.950936351691816
A2          : 1.26631390451271
A3          : 6.026817900883401


