Flutter Derivatives Results
===========================
Frequency       : 0.125
Reduced Velocity: 21.85792349726776
H1          : -15.300440355425103
H4          : -4.882629806521914
A1          : 3.1782455970439996
A4          : 0.5193054113017656


