Flutter Derivatives Results
===========================
Frequency       : 0.4
Reduced Velocity: 6.830601092896175
H2          : 0.199248479444562
H3          : -3.7354952154881436
A2          : -0.13809211482192665
A3          : 1.0022983794897793


Flutter Derivatives Results
===========================
Frequency       : 0.8
Reduced Velocity: 3.4153005464480874
H2          : -0.1597621489758387
H3          : -0.6799702335387221
A2          : -0.017150222511937954
A3          : 0.23990781486291177


Flutter Derivatives Results
===========================
Frequency       : 1.6
Reduced Velocity: 1.7076502732240437
H2          : -0.24960802019656275
H3          : -0.15454554579185015
A2          : -0.0010586646762058066
A3          : 0.08940452487369163


Flutter Derivatives Results
===========================
Frequency       : 3.2
Reduced Velocity: 0.8538251366120219
H2          : -0.015790549329109053
H3          : -0.003987981939732031
A2          : -0.0009247534320789016
A3          : 0.004015317686880121


