Flutter Derivatives Results
===========================
Frequency   : 0.25
H1          : -6.031345061550201
H4          : -1.874111680485377
A1          : 1.4522783312296172
A4          : 0.05327322131172839
