Flutter Derivatives Results
===========================
Frequency       : 0.15
Reduced Velocity: 18.214936247723134
H2          : 14.195641778386218
H3          : -36.12314421597111
A2          : -0.7973854671126746
A3          : 6.641621456042232


