Flutter Derivatives Results
===========================
Frequency       : 3.2
Reduced Velocity: 0.8538251366120219
H1          : -0.0939930696544376
H4          : 1.3864151373198366
A1          : 0.1494686416805826
A4          : -0.025350209226314018


