Flutter Derivatives Results
===========================
Frequency       : 0.125
Reduced Velocity: 21.85792349726776
H1          : -15.256548002582146
H4          : -4.817019836971771
A1          : 3.187605931809154
A4          : 0.5264356583904147


