Flutter Derivatives Results
===========================
Frequency       : 1.6
Reduced Velocity: 1.7076502732240437
H2          : -0.23723172429178394
H3          : -0.16263308467776696
A2          : 0.0004971078674510624
A3          : 0.08758294844646097


