Flutter Derivatives Results
===========================
Frequency       : 0.2
Reduced Velocity: 13.66120218579235
H2          : 5.60159137380246
H3          : -17.43405131630387
A2          : -0.5523990797494308
A3          : 3.8143870719765025


Flutter Derivatives Results
===========================
Frequency       : 0.4
Reduced Velocity: 6.830601092896175
H2          : 0.6785521360998101
H3          : -3.900265466942676
A2          : -0.1253592686069318
A3          : 0.9442667579101816


