Flutter Derivatives Results
===========================
Frequency       : 3.2
Reduced Velocity: 0.8538251366120219
H2          : -0.1849931849040968
H3          : -0.04324775085129183
A2          : -0.007743190461505242
A3          : 0.053040314067824834


