Flutter Derivatives Results
===========================
Frequency       : 0.25
Reduced Velocity: 10.92896174863388
H1          : -6.0673915986723115
H4          : -1.6730674217174428
A1          : 1.453274097165141
A4          : 0.09976778871572707
