Flutter Derivatives Results
===========================
Frequency       : 0.15
Reduced Velocity: 18.214936247723134
H1          : -11.945388956066514
H4          : -3.939043518984045
A1          : 2.5580429400458953
A4          : 0.3727922527447941


