Flutter Derivatives Results
===========================
Frequency       : 0.15
Reduced Velocity: 18.214936247723134
H2          : 10.473460858681591
H3          : -35.20731595142553
A2          : -1.3475706868300592
A3          : 6.952687358945584


