Flutter Derivatives Results
===========================
Frequency       : 0.2
Reduced Velocity: 13.66120218579235
H1          : -8.116928231333192
H4          : -2.4663033047859724
A1          : 1.841470525569077
A4          : 0.205255047105123


