Flutter Derivatives Results
===========================
Frequency       : 0.125
Reduced Velocity: 21.85792349726776
H2          : 2.7632111450762036
H3          : -58.9350577603605
A2          : 1.2904146250703883
A3          : 6.774758370856544


