Flutter Derivatives Results
===========================
Frequency       : 3.2
Reduced Velocity: 0.8538251366120219
H2          : -0.18601618926425298
H3          : -0.04013999558173085
A2          : -0.007656200676890401
A3          : 0.05422768211244504


