Flutter Derivatives Results
===========================
Frequency       : 0.125
Reduced Velocity: 21.85792349726776
H2          : 22.575126494264843
H3          : -56.5724580392392
A2          : -1.1504539982618445
A3          : 9.59365896262033


