Flutter Derivatives Results
===========================
Frequency       : 0.25
Reduced Velocity: 10.92896174863388
H1          : -6.058363964521445
H4          : -1.6362495137662512
A1          : 1.4547663179998889
A4          : 0.10673973007902193


