Flutter Derivatives Results
===========================
Frequency       : 0.8
Reduced Velocity: 3.4153005464480874
H2          : -0.03241901976994311
H3          : -0.12861302167558486
A2          : -0.0034045579033998787
A3          : 0.0473271282930389


