Flutter Derivatives Results
===========================
Frequency       : 3.2
Reduced Velocity: 0.8538251366120219
H2          : -0.20161602830811495
H3          : -0.04764949842710378
A2          : -0.011500159988013264
A3          : 0.053617625519147394


