Flutter Derivatives Results
===========================
Frequency       : 0.2
Reduced Velocity: 13.66120218579235
H1          : -8.04276684254871
H4          : -2.4047397043401566
A1          : 1.8437073168967295
A4          : 0.2111365772495924


