Flutter Derivatives Results
===========================
Frequency       : 0.8
Reduced Velocity: 3.4153005464480874
H2          : -0.16740111304703778
H3          : -0.6173834617728812
A2          : -0.019900526344897945
A3          : 0.2439546609102719


