Flutter Derivatives Results
===========================
Frequency       : 0.25
Reduced Velocity: 10.92896174863388
H2          : 3.0069047767317767
H3          : -11.092621301296058
A2          : -0.27912561103381117
A3          : 2.417430636649279


