Flutter Derivatives Results
===========================
Frequency       : 0.15
Reduced Velocity: 18.214936247723134
H2          : 8.525902352981955
H3          : -39.4141816769658
A2          : 0.30385914342505943
A3          : 6.302127183904576


