Flutter Derivatives Results
===========================
Frequency       : 0.2
Reduced Velocity: 13.66120218579235
H1          : -8.086600597403349
H4          : -2.391686056472121
A1          : 1.8466572148727756
A4          : 0.21132166527905638


