Flutter Derivatives Results
===========================
Frequency       : 3.2
Reduced Velocity: 0.8538251366120219
H2          : -0.20161919627765348
H3          : -0.05097720864656317
A2          : -0.011893933152211041
A3          : 0.05340003133591901


Flutter Derivatives Results
===========================
Frequency       : 3.2
Reduced Velocity: 0.8538251366120219
H2          : -0.20161919627765348
H3          : -0.05097720864656317
A2          : -0.011893933152211041
A3          : 0.05340003133591901


Flutter Derivatives Results
===========================
Frequency       : 3.2
Reduced Velocity: 0.8538251366120219
H2          : -0.20161919627765348
H3          : -0.05097720864656317
A2          : -0.011893933152211041
A3          : 0.05340003133591901


