Flutter Derivatives Results
===========================
Frequency       : 0.125
Reduced Velocity: 21.85792349726776
H1          : -15.21257183081479
H4          : -4.767130410240328
A1          : 3.1856801219099204
A4          : 0.523708712940563
