Flutter Derivatives Results
===========================
Frequency       : 0.15
Reduced Velocity: 18.214936247723134
H2          : 0.15336074721187204
H3          : -39.55482016279817
A2          : 1.0960157296090154
A3          : 5.057874447955749


