Flutter Derivatives Results
===========================
Frequency       : 0.4
Reduced Velocity: 6.830601092896175
H1          : -0.5469911966637321
H4          : -0.08746829902949348
A1          : 0.15063485009538305
A4          : 0.003923396826703725


