Flutter Derivatives Results
===========================
Frequency       : 0.25
Reduced Velocity: 10.92896174863388
H2          : 2.7167199983918033
H3          : -12.232690150395483
A2          : -0.12344227478292302
A3          : 2.3730097444575384


