Flutter Derivatives Results
===========================
Frequency   : 0.25
H1          : -0.8575310504945357
H4          : -5.975209920215064
A1          : 0.05618408434066765
A4          : 0.5376503700539643
