Flutter Derivatives Results
===========================
Frequency       : 0.2
Reduced Velocity: 13.66120218579235
H2          : 5.093140189703601
H3          : -18.225276067756553
A2          : -0.6338877362531905
A3          : 3.802753014661132


