Flutter Derivatives Results
===========================
Frequency       : 0.4
Reduced Velocity: 6.830601092896175
H2          : 0.44343238548380903
H3          : -3.8142934356853337
A2          : -0.15194825409275686
A3          : 0.9543813121281542


