Flutter Derivatives Results
===========================
Frequency       : 0.8
Reduced Velocity: 3.4153005464480874
H1          : -0.17822466880356827
H4          : 0.031598004464365816
A1          : 0.07128515085186465
A4          : -0.012741832537344016


