Flutter Derivatives Results
===========================
Frequency       : 0.2
Reduced Velocity: 13.66120218579235
H2          : 1.6517620540892413
H3          : -23.039900285700895
A2          : 0.11376194180302912
A3          : 3.848304687613065


