Flutter Derivatives Results
===========================
Frequency       : 0.8
Reduced Velocity: 3.4153005464480874
H1          : -1.0693480128214095
H4          : 0.18958802678619488
A1          : 0.42771090511118787
A4          : -0.0764509952240641


