Flutter Derivatives Results
===========================
Frequency       : 0.15
Reduced Velocity: 18.214936247723134
H1          : -11.976449154486156
H4          : -4.12820602505529
A1          : 2.5409266004824604
A4          : 0.34348795601163534


