Flutter Derivatives Results
===========================
Frequency       : 0.125
Reduced Velocity: 21.85792349726776
H2          : 19.313132194443913
H3          : -58.21629264531253
A2          : -0.2058685953142405
A3          : 9.170327803617118


