Flutter Derivatives Results
===========================
Frequency       : 0.4
Reduced Velocity: 6.830601092896175
H1          : -3.2449110419735097
H4          : -0.5588553529259888
A1          : 0.9020084853904596
A4          : 0.016840419261015146


