Flutter Derivatives Results
===========================
Frequency       : 3.2
Reduced Velocity: 0.8538251366120219
H1          : -0.09996818567978456
H4          : 1.48963141210099
A1          : 0.14235200558155156
A4          : -0.0033607897206670853


