Flutter Derivatives Results
===========================
Frequency       : 0.4
Reduced Velocity: 6.830601092896175
H1          : -3.3001397072895666
H4          : -0.5562133408246009
A1          : 0.9007654369471795
A4          : 0.024208669807700114


