Flutter Derivatives Results
===========================
Frequency       : 0.125
Reduced Velocity: 21.85792349726776
H1          : -15.153212629875034
H4          : -4.717259570870712
A1          : 3.2014191080990546
A4          : 0.5317955480183901


