Flutter Derivatives Results
===========================
Frequency       : 0.2
Reduced Velocity: 13.66120218579235
H1          : -8.079487778644857
H4          : -2.377798710971175
A1          : 1.8485710512583577
A4          : 0.21666449861659062


