Flutter Derivatives Results
===========================
Frequency       : 1.6
Reduced Velocity: 1.7076502732240437
H1          : -0.15235435407162992
H4          : 1.073301884462353
A1          : 0.263146119314678
A4          : -0.0595478878818449


