Flutter Derivatives Results
===========================
Frequency       : 0.2
Reduced Velocity: 13.66120218579235
H1          : -8.138780751808328
H4          : -2.5185036971563095
A1          : 1.8371649905727094
A4          : 0.19627534920536355


