Flutter Derivatives Results
===========================
Frequency       : 1.6
Reduced Velocity: 1.7076502732240437
H1          : -0.16721874686666227
H4          : 1.2935441217633084
A1          : 0.278852161424271
A4          : -0.034114127245655095


Flutter Derivatives Results
===========================
Frequency       : 3.2
Reduced Velocity: 0.8538251366120219
H1          : -0.11354417272432964
H4          : 1.4957225123090563
A1          : 0.14140037503452205
A4          : -0.000871936278501489


