Flutter Derivatives Results
===========================
Frequency       : 0.125
Reduced Velocity: 21.85792349726776
H1          : -15.413615492631374
H4          : -4.745111951933104
A1          : 3.1787496533703514
A4          : 0.5673454235874523


