Flutter Derivatives Results
===========================
Frequency   : 2.4
H1          : -6.116307181666224
H4          : -6.991566014822042
A1          : -0.06930940450889878
A4          : 0.6675455544628951
