Flutter Derivatives Results
===========================
Frequency       : 0.8
Reduced Velocity: 3.4153005464480874
H1          : -1.061396098525191
H4          : 0.21136475418118453
A1          : 0.42914731925006433
A4          : -0.07245271505874451


