Flutter Derivatives Results
===========================
Frequency       : 0.8
Reduced Velocity: 3.4153005464480874
H1          : -1.0721458531669794
H4          : 0.181284277783502
A1          : 0.4253815962136319
A4          : -0.0741325606846188


