Flutter Derivatives Results
===========================
Frequency       : 0.25
Reduced Velocity: 10.92896174863388
H2          : 2.4589833970631787
H3          : -10.8535832012796
A2          : -0.3551873410897427
A3          : 2.402358134056553


