Flutter Derivatives Results
===========================
Frequency       : 0.2
Reduced Velocity: 13.66120218579235
H2          : 4.780624145832767
H3          : -18.0412166134815
A2          : -0.6483664757798984
A3          : 3.800942106843977


