Flutter Derivatives Results
===========================
Frequency       : 0.8
Reduced Velocity: 3.4153005464480874
H1          : -1.097575087091719
H4          : 0.1663128348139974
A1          : 0.42249220580388563
A4          : -0.07163374289204669


