Flutter Derivatives Results
===========================
Frequency       : 0.4
Reduced Velocity: 6.830601092896175
H2          : 0.4334017363523633
H3          : -3.765223137896297
A2          : -0.14520074066522387
A3          : 0.9472463462435281


