Flutter Derivatives Results
===========================
Frequency       : 0.125
Reduced Velocity: 21.85792349726776
H2          : 20.504309932623322
H3          : -55.05800478759346
A2          : -1.4527296840428776
A3          : 9.81731520533483


Flutter Derivatives Results
===========================
Frequency       : 0.15
Reduced Velocity: 18.214936247723134
H2          : 13.3086158483065
H3          : -35.55010398313805
A2          : -0.8512970850312287
A3          : 6.659788169739037


