Flutter Derivatives Results
===========================
Frequency       : 0.2
Reduced Velocity: 13.66120218579235
H2          : 6.097065279796828
H3          : -18.34672665268907
A2          : -0.42362847306545093
A3          : 3.7571678881817374


