Flutter Derivatives Results
===========================
Frequency       : 0.15
Reduced Velocity: 18.214936247723134
H1          : -11.928413780569882
H4          : -3.8338101136184894
A1          : 2.567507988273462
A4          : 0.38542598662181954


