Flutter Derivatives Results
===========================
Frequency       : 0.125
Reduced Velocity: 21.85792349726776
H1          : -15.262460849250287
H4          : -4.863267110862492
A1          : 3.1830411766607924
A4          : 0.5203808907315393


