Flutter Derivatives Results
===========================
Frequency       : 0.125
Reduced Velocity: 21.85792349726776
H2          : 1.1337048902261158
H3          : -61.31911969145696
A2          : 1.6823049294868455
A3          : 8.75120897882703


