Flutter Derivatives Results
===========================
Frequency       : 3.2
Reduced Velocity: 0.8538251366120219
H2          : -0.20299534519762846
H3          : -0.04255045670869311
A2          : -0.010964318173018276
A3          : 0.05490075614449806


