Flutter Derivatives Results
===========================
Frequency       : 0.8
Reduced Velocity: 3.4153005464480874
H2          : -0.149538113958387
H3          : -0.649305152224278
A2          : -0.013932162968666265
A3          : 0.24353722758816496


Flutter Derivatives Results
===========================
Frequency       : 1.6
Reduced Velocity: 1.7076502732240437
H2          : -0.25350209168091625
H3          : -0.16105522571945138
A2          : -0.0013771703774445709
A3          : 0.08796195617734148


Flutter Derivatives Results
===========================
Frequency       : 3.2
Reduced Velocity: 0.8538251366120219
H2          : -0.19285846285346772
H3          : -0.04545165294976555
A2          : -0.009284943967671553
A3          : 0.05293057063809081


