Flutter Derivatives Results
===========================
Frequency       : 0.8
Reduced Velocity: 3.4153005464480874
H2          : -0.16151933933948345
H3          : -0.640460171451011
A2          : -0.02773258361883238
A3          : 0.24122874443040265


