Flutter Derivatives Results
===========================
Frequency       : 0.25
Reduced Velocity: 10.92896174863388
H1          : -6.078883769182962
H4          : -1.6787926149134693
A1          : 1.4523085980062553
A4          : 0.10034430111614447


