Flutter Derivatives Results
===========================
Frequency       : 1.6
Reduced Velocity: 1.7076502732240437
H2          : -0.36311638310572697
H3          : -0.1593526752366337
A2          : -0.01906336917113144
A3          : 0.09306215390047741


