Flutter Derivatives Results
===========================
Frequency       : 0.125
Reduced Velocity: 21.85792349726776
H1          : -15.371974154783974
H4          : -5.088810799422322
A1          : 3.15920905329154
A4          : 0.49045193560454736


