Flutter Derivatives Results
===========================
Frequency       : 0.4
Reduced Velocity: 6.830601092896175
H2          : 0.5279657696751033
H3          : -3.953143590932901
A2          : -0.15206578992874495
A3          : 0.9518070424672405


