Flutter Derivatives Results
===========================
Frequency       : 3.2
Reduced Velocity: 0.8538251366120219
H1          : -0.010357172421451304
H4          : 1.520246672639105
A1          : 0.15282315475267733
A4          : -0.000530428978219546


