Flutter Derivatives Results
===========================
Frequency       : 1.6
Reduced Velocity: 1.7076502732240437
H2          : -0.3503162761600772
H3          : -0.15951978505399578
A2          : -0.015583155426466808
A3          : 0.09485632279703098


