Flutter Derivatives Results
===========================
Frequency       : 0.25
Reduced Velocity: 10.92896174863388
H2          : 2.6067474881095385
H3          : -10.967279086416609
A2          : -0.35774885647447985
A3          : 2.429841274172035


