Flutter Derivatives Results
===========================
Frequency       : 0.2
Reduced Velocity: 13.66120218579235
H1          : -1.3404611404247853
H4          : -0.4007899507233595
A1          : 0.3072845528161216
A4          : 0.03518942954159874


