Flutter Derivatives Results
===========================
Frequency       : 0.8
Reduced Velocity: 3.4153005464480874
H2          : -0.17424304509459626
H3          : -0.6409118179795302
A2          : -0.019695128680097373
A3          : 0.24620690954921756


