Flutter Derivatives Results
===========================
Frequency       : 0.8
Reduced Velocity: 3.4153005464480874
H2          : -0.16544695076250143
H3          : -0.6629573413672416
A2          : -0.017352849062845815
A3          : 0.2429472622333309


