Flutter Derivatives Results
===========================
Frequency       : 1.6
Reduced Velocity: 1.7076502732240437
H1          : -0.10234818213124162
H4          : 1.327616702327653
A1          : 0.28210288998929556
A4          : -0.024671367538002777


