Flutter Derivatives Results
===========================
Frequency       : 1.6
Reduced Velocity: 1.7076502732240437
H2          : -0.2540763776030384
H3          : -0.13983758456290724
A2          : -0.0001504031085007827
A3          : 0.09257951386925388


