Flutter Derivatives Results
===========================
Frequency       : 0.4
Reduced Velocity: 6.830601092896175
H2          : 0.08551910291473458
H3          : -0.7356137340250285
A2          : -0.029304306146460252
A3          : 0.18405925305328688


