Flutter Derivatives Results
===========================
Frequency       : 0.125
Reduced Velocity: 21.85792349726776
H2          : -0.597423201924072
H3          : -56.40273257176034
A2          : 1.8923834607538017
A3          : 7.673651002831524


