Flutter Derivatives Results
===========================
Frequency       : 0.8
Reduced Velocity: 3.4153005464480874
H2          : -0.16809862102933468
H3          : -0.6668823346141438
A2          : -0.017653263202814188
A3          : 0.24539992448242393


