Flutter Derivatives Results
===========================
Frequency       : 0.4
Reduced Velocity: 6.830601092896175
H2          : 0.5046020428724359
H3          : -4.078837098898018
A2          : -0.15274550329612613
A3          : 0.93896190522254


