Flutter Derivatives Results
===========================
Frequency       : 1.6
Reduced Velocity: 1.7076502732240437
H1          : -0.16146547232952693
H4          : 1.3831535811781195
A1          : 0.27663123703538695
A4          : -0.015573731772369344


Flutter Derivatives Results
===========================
Frequency       : 1.6
Reduced Velocity: 1.7076502732240437
H1          : -0.16146547232952693
H4          : 1.3831535811781195
A1          : 0.27663123703538695
A4          : -0.015573731772369344


Flutter Derivatives Results
===========================
Frequency       : 1.6
Reduced Velocity: 1.7076502732240437
H1          : -0.16146547232952693
H4          : 1.3831535811781195
A1          : 0.27663123703538695
A4          : -0.015573731772369344


