Flutter Derivatives Results
===========================
Frequency   : 0.25
H1          : -5.973679574224265
H4          : -0.8843089061995323
A1          : 0.5384221395434786
A4          : 0.0559663215345663
