Flutter Derivatives Results
===========================
Frequency       : 1.6
Reduced Velocity: 1.7076502732240437
H2          : -0.35873950149079104
H3          : -0.16021599592588942
A2          : -0.017673049132893224
A3          : 0.09369106471702346


