Flutter Derivatives Results
===========================
Frequency       : 3.2
Reduced Velocity: 0.8538251366120219
H1          : -0.010309177170158688
H4          : 0.25275153427450603
A1          : 0.024319241719342025
A4          : 0.00027763942010912554


