Flutter Derivatives Results
===========================
Frequency       : 1.6
Reduced Velocity: 1.7076502732240437
H2          : -0.049000444252014545
H3          : -0.026968677022846388
A2          : -2.9006313782293805e-05
A3          : 0.017854620531927535


