Flutter Derivatives Results
===========================
Frequency       : 0.25
Reduced Velocity: 10.92896174863388
H1          : -6.059973413461633
H4          : -1.5797952832664177
A1          : 1.4537578087797525
A4          : 0.11583250638838935


