Flutter Derivatives Results
===========================
Frequency       : 0.25
Reduced Velocity: 10.92896174863388
H2          : 3.0817004042511584
H3          : -11.173833341137398
A2          : -0.20598337326981572
A3          : 2.3743587380606814


