Flutter Derivatives Results
===========================
Frequency       : 1.6
Reduced Velocity: 1.7076502732240437
H1          : -0.16115422470970395
H4          : 1.0395102998610657
A1          : 0.2590845151549099
A4          : -0.06430247856239263


