Flutter Derivatives Results
===========================
Frequency       : 0.4
Reduced Velocity: 6.830601092896175
H2          : 0.5257848326359141
H3          : -3.957139958321425
A2          : -0.14899967053475707
A3          : 0.9422472063986971


