Flutter Derivatives Results
===========================
Frequency       : 0.25
Reduced Velocity: 10.92896174863388
H1          : -6.069558084536624
H4          : -1.596099422856737
A1          : 1.4551269102855027
A4          : 0.11750312584249127


