Flutter Derivatives Results
===========================
Frequency       : 0.4
Reduced Velocity: 6.830601092896175
H1          : -3.3377772558848733
H4          : -0.5968806982855436
A1          : 0.9007787698240395
A4          : 0.021179609024681516


