Flutter Derivatives Results
===========================
Frequency       : 0.125
Reduced Velocity: 21.85792349726776
H2          : 17.519723013028873
H3          : -54.728912739396954
A2          : -1.9245869249673784
A3          : 10.342884731700375


