Flutter Derivatives Results
===========================
Frequency       : 0.4
Reduced Velocity: 6.830601092896175
H1          : -3.312170594940021
H4          : -0.5692319748387714
A1          : 0.9004742631857225
A4          : 0.0231143607184627


