Flutter Derivatives Results
===========================
Frequency       : 0.2
Reduced Velocity: 13.66120218579235
H2          : 6.469063871279248
H3          : -18.740066281460198
A2          : -0.2920024416264366
A3          : 3.6428987788281217


