Flutter Derivatives Results
===========================
Frequency       : 0.2
Reduced Velocity: 13.66120218579235
H2          : 0.9822484651571229
H3          : -3.5148746702101916
A2          : -0.12224977770597245
A3          : 0.7333880813989325


