Flutter Derivatives Results
===========================
Frequency       : 1.6
Reduced Velocity: 1.7076502732240437
H1          : -0.19099560724906497
H4          : 1.3970963468489435
A1          : 0.27297788487288616
A4          : -0.012459432202273328


