Flutter Derivatives Results
===========================
Frequency       : 0.25
Reduced Velocity: 10.92896174863388
H1          : -0.9983247288151698
H4          : -0.26656350623462227
A1          : 0.24222680790448842
A4          : 0.019651495504699884


