Flutter Derivatives Results
===========================
Frequency       : 3.2
Reduced Velocity: 0.8538251366120219
H1          : -0.17206821337900766
H4          : 1.3392198751051152
A1          : 0.1430478392824272
A4          : -0.03304468781306141


