Flutter Derivatives Results
===========================
Frequency       : 0.15
Reduced Velocity: 18.214936247723134
H2          : 11.213777956232137
H3          : -35.66987454706246
A2          : -1.270496206853966
A3          : 6.975047499231544


