Flutter Derivatives Results
===========================
Frequency       : 0.25
Reduced Velocity: 10.92896174863388
H1          : -5.973679574224265
H4          : -0.8843089061995323
A1          : 1.4710987419220727
A4          : 0.15291344681575494
