Flutter Derivatives Results
===========================
Frequency       : 0.25
Reduced Velocity: 10.92896174863388
H2          : 0.5027298727068396
H3          : -2.1151181095232032
A2          : -0.06899442232007824
A3          : 0.4686122457331781


